1	0	0.043478261	0	0.036863663	0.268138801	0.178947368	0.027027027	0.031784841	0	0.03030303	0.208226221	0.064552661	0.042492918	0.009708738	0.023255814	0.122715405	0.040963855	0.016835017	0	0.030716724	0.016835017	0.082105263	0	0.04109589	0	0.022900763	0	0.343108504	0.149560117	0.024793388	0.126027397	0.020979021	0	0.590792839	0.011904762	0.015197568	0.006557377	0.027027027	0.008077544	0	0	0	0.315403423	0.297450425	0	0.079178886	0.014836795	0	0.015197568	0	0.016260163	0.237536657	0.011904762	0	0.016835017	0.041958042	0.016260163	0.016835017	0	0.016835017	0	0.015197568	0.012578616	0	0.014164306	0	0.134185304	0.072386059	0	0	0	0	0.237536657	0	0	0	0	0	0	0	0	0	0.00952381	0.030716724	0	0.036674817	0.04109589	0	0	0	0	0	0	0	0.018867925	0	0.042492918	0.024657534	0	0	0	0.017994859	0	0.015772871	0.046575342	0.006578947	0	0	0	0.297450425	0.009404389	0	0	0	0	0.020895522	0.012578616	0	0.011428571	0.215384615	1	0	0	0	0	0.008077544	0.015197568	0	0	0	0.009118541	0	0	0.630057803	0	0.063157895	0	0.020253165	0.020253165	0.034129693	0.027700831	0	0.054054054	0.126394052	0	0	0	0	0.063157895	0	0	0	0.010033445	0	0	0.059649123	0.030716724	0	0	0	0.014836795	0.009404389	0.014836795	0.030716724	0	0.010033445	0	0.153153153	0	0	0	0.036863663	0	0	0.017821782	0.04109589	0.034129693	0	0	0	0	0	0.234666667	0.030674847	0	0.042492918	0.030716724	0	0.009708738	0.027522936	0	0	0	0	0	0	0	0.063157895	0.084598698	0	0	0	0	0.012578616	0	0	0	0	0	0	0.032258065	0.060869565	0	0.04109589	0	0.009404389	0.189473684	0	0	0	0.015772871	0.014005602	0	0.043478261	0	0	0	0	0	0	0	0	0	0	0	0	0	0	0	0.297450425	0	0.027027027	0.015772871	0	0	0.059649123	0	0.049115914	0	0.059649123	0	0	0.017821782	0	0.493670886	0	0	0.009708738	0.043583535	0	0	0.057507987	0.322946176	0	0	0.008264463	0	0.042492918	0.501945525	0	0	0	0	0.036827195	0	0	0	0	0	0	0	0	0	0	0	0	0	0	0	0	0	0	0.005194805	0.045576408	0	0	0	0.059125964	0	0	0	0	0.046065259	0	0	0	0.072463768	0.047297297	0	0.030716724	0	0	0.039596273	0	0	0.027190332	0	0	0	0.018867925	0.008077544	0	0.030716724	0	0	0.050420168	0.010033445	0.024657534	0	0	0	0	0	0	0.014836795	0	0.009404389	0.015576324	0	0.06442577	0.064552661	0	0	0.200668896	0	0.071232877	0	0	0.153153153	0.030716724	0	0	0.015197568	0.057356608	0	0	0	0	0	0	0	0	0.009404389	0.020979021	0	0.059649123	0.016042781	0.018867925	0.008955224	0.030716724	0	0	0.033802817	0	0	0	0.033126294	0.035177866	0.04109589	0	0	0
0	1	0	0	0	0	0	0	0	0	0	0	0	0	0	0	0	0	0	0	0	0	0	0	0	0	0	0	0	0	0	0	0	0	0	0	0	0	0	0	0	0	0	0	0	0	0	0	0.076923077	0	0	0	0	0	0	0	0	0	0	0	0	0	0	0	0	0	0.142857143	0	0	0	0.092307692	0	0	0	0.246575342	0	0.352941176	0.258278146	0.205479452	0	0.342857143	0.290322581	0	0	0	0	0	0	0	0	0	0	0.236619718	0	0.079365079	0	0.342857143	0	0	0	0.084745763	0	0	0	0	0	0	0.310344828	0	0	0	0	0	0	0	0	0	0	0	0	0	0	0	0	0	0	0	0	0	0	0	0	0	0	0	0	0	0	0	0	0	0	0	0	0	0	0	0	0	0	0	0	0.068965517	0	0.092307692	0	0	0	0	0	0	0	0	0	0	0	0	0	0	0	0	0	0	0.375	0	0.054054054	0	0	0.230769231	0	0	0	0	0	0	0	0	0	0	0	0	0	0	0	0.227848101	0.276923077	0.28125	0	0	0	0	0	0.070422535	0	0	0	0	0	0	0	0	0	0	0.272727273	0	0	0	0	0	0	0	0	0	0.064516129	0	0	0	0	0.114285714	0	0	0	0	0	0.08	0.211764706	0.060301508	0	0	0	0	0	0	0	0	0	0	0	0	0	0	0	0	0.054054054	0.071942446	0	0	0	0	0	0	0	0	0	0	0	0	0	0	0	0	0	0	0	0	0	0	0	0	0	0	0	0	0.076923077	0.310344828	0	0	0	0	0	0	0.428571429	0	0	0	0	0.212014134	0.076190476	0	0	0	0	0	0	0.310344828	0	0.230769231	0	0	0	0	0	0	0	0	0	0	0.079365079	0	0	0	0	0	0	0	0.092307692	0	0	0	0	0	0	0.092307692	0	0	0	0	0	0	0	0	0	0	0	0	0	0	0	0	0	0	0	0	0	0	0	0	0	0	0	0	0	0	0	0	0.091503268	0	0	0	0	0	0	0	0	0	0	0	0	0	0	0	0	0
0.043478261	0	1	0	0.058064516	0.189873418	0.211267606	0.036144578	0.039215686	0	0.038674033	0.092783505	0.085130533	0.068181818	0.019480519	0.046632124	0.068062827	0.062801932	0.027027027	0.22	0.04109589	0.027027027	0.101265823	0	0.065934066	0	0.045918367	0	0.105882353	0.176470588	0.049723757	0	0.41654979	0	0.046153846	0.020895522	0.024390244	0.016447368	0.054216867	0.017828201	0	0	0	0.117647059	0.068181818	0	0.105882353	0.023809524	0	0.024390244	0	0	0.105882353	0.020895522	0	0.027027027	0	0	0.027027027	0.087912088	0.027027027	0	0.024390244	0.022082019	0	0.022727273	0	0	0.096774194	0.338028169	0	0	0	0.105882353	0	0	0	0	0	0	0	0	0	0.01910828	0.04109589	0	0.37254902	0.065934066	0	0	0	0	0	0.246575342	0	0.027027027	0	0.068181818	0.049450549	0	0	0	0.025773196	0	0.025316456	0.054945055	0.01650165	0	0	0	0.068181818	0.018867925	0	0	0	0	0.02994012	0.022082019	0	0.020057307	0	0.043478261	0	0	0	0	0.017828201	0.024390244	0.179104478	0	0	0.018292683	0	0	0.043478261	0	0	0	0	0	0	0	0	0	0	0	0	0	0	0	0	0	0	0.020134228	0	0	0.070422535	0.04109589	0	0	0	0.023809524	0.018867925	0.023809524	0.04109589	0	0.020134228	0	0.180722892	0	0	0.08988764	0.058064516	0	0	0.023809524	0.065934066	0	0	0	0	0	0	0	0.036885246	0	0.068181818	0.04109589	0	0.019480519	0.055214724	0.2382134	0	0	0	0	0	0	0	0.104347826	0	0	0.279069767	0	0.022082019	0	0	0	0	0	0	0.038793103	0.069767442	0	0.065934066	0	0.018867925	0	0	0	0.099009901	0.025316456	0.02247191	0	0.066666667	0	0	0	0	0	0	0	0	0	0	0	0	0	0	0	0.068181818	0	0.036144578	0.025316456	0	0	0.070422535	0	0.05511811	0	0.070422535	0	0	0.023809524	0	0.065539112	0	0	0.019480519	0.233009709	0	0	0	0	0	0	0.016574586	0	0.068181818	0.035110533	0	0	0.227848101	0	0.045454545	0	0	0	0	0	0	0	0	0	0	0	0	0	0	0	0	0	0	0.013020833	0.053763441	0	0	0	0.082474227	0	0	0	0	0.063461538	0	0	0	0.094430993	0.06772009	0	0.04109589	0	0.338028169	0.053654743	0	0	0.054545455	0	0	0	0.027027027	0.017828201	0	0.04109589	0	0	0	0.020134228	0.049450549	0	0	0	0	0	0	0.023809524	0	0.018867925	0.025	0	0.08988764	0.085130533	0	0	0	0	0	0	0	0.180722892	0.04109589	0	0	0.024390244	0.08	0	0	0	0	0	0	0	0	0.018867925	0.41654979	0	0.070422535	0.040214477	0.027027027	0.017964072	0.04109589	0	0	0	0	0	0	0.05186722	0.049485352	0.065934066	0	0	0
0	0	0	1	0	0	0	0	0	0	0	0	0	0	0	0	0	0	0	0	0	0	0	0	0	0	0	0	0	0	0	0	0	0	0	0	0	0	0	0	0	0	0	0	0	0	0	0	0	0	0	0	0	0	0	0	0	0	0	0	0	0	0	0	0	0	0	0	0	0	0	0	0	0	0	0	0	0	0	0	0	0	0	0	0	0	0	0	0	0	0	0	0	0	0	0	0	0	0	0	0	0	0	0	0	0	0	0	0	0	0	0	0	0	0	0	0	0	0	0	0	0	0	0	0	0	0	0	0	0	0	0	0	0	0	0	0	0	0	0	0	0	0	0	0	0	0	0	0	0	0	0	0	0	0	0	0	0	0	0	0	0	0	0	0	0	0	0	0	0	0	0	0	0	0	0	0	0	0	0	0	0	0	0	0	0	0	0	0	0	0	0	0	0	0	0	0	0	0	0	0	0	0	0	0	0	0	0	0	0	0	0	0	0	0	0	0	0	0	0	0	0	0	0	0	0	0	0	0	0	0	0	0	0	0	0	0	0	0	0	0	0	0	0	0	0	0	0	0	0	0	0	0	0	0	0	0	0	0	0	0	0	0	0	0	0	0	0	0	0	0	0	0	0	0	0	0	0	0	0	0	0	0	0	0	0	0	0	0	0	0	0	0	0	0	0	0	0	0	0	0	0	0	0	0	0	0	0	0	0	0	0	0	0	0	0	0	0	0	0	0	0	0	0	0	0	0	0	0	0	0	0	0	0	0	0	0	0	0	0	0	0	0	0	0	0	0	0	0	0	0	0	0	0	0	0	0	0	0	0	0	0	0	0	0	0	0	0	0	0	0	0	0	0	0	0	0	0	0	0	0	0	0
0.036863663	0	0.058064516	0	1	0.152542373	0.165870307	0.087507544	0.098419174	0	0.095104108	0.231259968	0.586800574	0.056994819	0.046764894	0.193806727	0.135164243	0.158690176	0.14871117	0	0.2251169	0.064111038	0.231460674	0.094630516	0.055462185	0	0.11544544	0	0.087033748	0.143872114	0.042205965	0	0.039316239	0	0.039703547	0.0509287	0.293113955	0.039482201	0.045262523	0.094049904	0	0	0	0.099439062	0.056994819	0.095645967	0.087033748	0.057979677	0	0.059110299	0	0	0.087033748	0.0509287	0.058185967	0.064111038	0	0	0.14871117	0	0.064111038	0	0.137111517	0.113337508	0	0.055843408	0	0	0.239405614	0	0.095711622	0	0.100168824	0.087033748	0	0.149019608	0	0	0	0	0	0	0	0.046056782	0.096860387	0.01784652	0.050484447	0.055462185	0.029121653	0.115068493	0.016583748	0	0.007038713	0	0	0.066887783	0	0.167530225	0.042016807	0	0	0.029459902	0.064327485	0.107081174	0.0608914	0.135014006	0.039584685	0	0	0	0.056994819	0.045596502	0.060875079	0.039931546	0	0	0.14954955	0.113337508	0	0.104927536	0	0.036863663	0	0	0	0	0.094049904	0.137111517	0	0	0	0.04448507	0	0	0.036863663	0	0	0	0	0	0	0	0	0	0	0	0	0	0	0	0	0	0.043397396	0.111111111	0.095711622	0.011264721	0.164505119	0.096860387	0	0	0	0.057979677	0.045596502	0.057979677	0.096860387	0	0.04799474	0.092715232	0.146650573	0	0	0	0.748279253	0	0	0.061833689	0.055462185	0	0	0	0.098461538	0	0	0	0.067075844	0	0.327576281	0.2251169	0	0.046764894	0.134109002	0	0.10845987	0.177688711	0	0	0	0	0	0.237436607	0.015143867	0.095645967	0	0.024595469	0.113337508	0	0	0	0	0	0	0.11395881	0.169501466	0	0.055462185	0	0.045596502	0	0	0	0	0.0608914	0.055333714	0.116086235	0.176283748	0	0	0	0	0	0	0.101472995	0.052546917	0.101540217	0.060898985	0	0	0	0	0.014239482	0.056994819	0	0.087507544	0.0608914	0	0	0.164505119	0	0.047861076	0	0.164505119	0.031357178	0	0.061833689	0.058298632	0.05718145	0	0	0.046764894	0	0	0.09343832	0	0	0	0.095645967	0.095104108	0.060875079	0.056994819	0.030530262	0	0	0	0	0.111111111	0	0	0	0	0.091851852	0	0.035068493	0	0	0	0	0	0	0	0	0	0	0	0.032707775	0.044578976	0	0.008230453	0.026243849	0.185539607	0	0	0	0.057200201	0.202158572	0	0	0	0.165068147	0.188005712	0	0.2251169	0	0	0.134091693	0.075305623	0	0.04548211	0	0	0	0.066887783	0.094049904	0	0.096860387	0	0.095711622	0	0.111111111	0.042016807	0	0	0	0.095711622	0	0	0.057979677	0	0.045596502	0.060285892	0.01784652	0.184255562	0.586800574	0	0	0	0	0	0	0.149019608	0.146650573	0.096860387	0	0	0.059110299	0.067910835	0	0.057142857	0	0	0.054267948	0	0	0	0.045596502	0.039316239	0.054656999	0.164505119	0.226798462	0.066887783	0.043843844	0.096860387	0	0	0	0.100594916	0	0	0.119184759	0.106830123	0.055462185	0	0	0.013472137
0.268138801	0	0.189873418	0	0.152542373	1	0.375	0.078947368	0.073684211	0	0.077844311	0.333333333	0.178181818	0.185185185	0.064285714	0.150837989	0.288135593	0.160621762	0.074626866	0	0.090909091	0.074626866	0.188340807	0	0.178571429	0	0.148351648	0	0.384615385	0.307692308	0.161676647	0.166666667	0.159817352	0	0.248618785	0.061889251	0.066666667	0.061594203	0.177631579	0.062388592	0	0	0	0.326315789	0.308641975	0	0.230769231	0.064935065	0	0.066666667	0	0.105882353	0.384615385	0.061889251	0	0.074626866	0.09	0.105882353	0.074626866	0	0.074626866	0	0.066666667	0.065743945	0	0.061728395	0	0.126760563	0.209302326	0	0	0	0	0.384615385	0	0	0	0	0	0	0	0	0	0.062937063	0.090909091	0	0.157894737	0.178571429	0	0	0	0	0	0	0	0.064327485	0	0.185185185	0.160714286	0	0	0	0.061111111	0	0.069444444	0.095238095	0.061818182	0	0	0	0.308641975	0.062068966	0	0	0	0	0.071895425	0.065743945	0	0.059190031	0.135135135	0.268138801	0	0	0	0	0.062388592	0.066666667	0	0	0	0.06	0	0	0.268138801	0	0.1875	0	0.103825137	0.103825137	0.151515152	0.120481928	0	0.157894737	0.266666667	0	0	0	0	0.1875	0	0	0	0.066666667	0	0	0.125	0.090909091	0	0	0	0.064935065	0.062068966	0.064935065	0.090909091	0	0.066666667	0	0.315789474	0	0	0	0.152542373	0	0	0.050420168	0.178571429	0.151515152	0	0	0	0	0	0.10982659	0.065217391	0	0.185185185	0.090909091	0	0.064285714	0.181208054	0	0	0	0	0	0	0	0.1875	0.194444444	0	0	0	0	0.065743945	0	0	0	0	0	0	0.068807339	0.113924051	0	0.178571429	0	0.062068966	0.1875	0	0	0	0.069444444	0.06097561	0	0.171270718	0	0	0	0	0	0	0	0	0	0	0	0	0	0	0	0.308641975	0	0.078947368	0.069444444	0	0	0.125	0	0.083333333	0	0.125	0	0	0.050420168	0	0.226966292	0	0	0.064285714	0.125	0	0	0.126760563	0.135802469	0	0	0.053892216	0	0.185185185	0.237026648	0	0	0	0	0.086419753	0	0	0	0	0	0	0	0	0	0	0	0	0	0	0	0	0	0	0.047752809	0.093023256	0	0	0	0.188888889	0	0	0	0	0.140243902	0	0	0	0.194805195	0.159036145	0	0.090909091	0	0	0.114634146	0	0	0.178807947	0	0	0	0.064327485	0.062388592	0	0.090909091	0	0	0.146341463	0.066666667	0.160714286	0	0	0	0	0	0	0.064935065	0	0.062068966	0.068493151	0	0.207317073	0.178181818	0	0	0.125925926	0	0.166666667	0	0	0.315789474	0.090909091	0	0	0.066666667	0.182795699	0	0	0	0	0	0	0	0	0.062068966	0.159817352	0	0.125	0.147826087	0.064327485	0.058823529	0.090909091	0	0	0.128834356	0	0	0	0.134361233	0.111433306	0.178571429	0	0	0
0.178947368	0	0.211267606	0	0.165870307	0.375	1	0.088235294	0.08045977	0	0.086092715	0.219512195	0.193166886	0.205479452	0.072580645	0.165644172	0.192546584	0.175141243	0.084745763	0	0.103448276	0.084745763	0.202898551	0	0.197368421	0	0.162650602	0	0.257142857	0.342857143	0.178807947	0	0.177065767	0	0.163636364	0.069090909	0.074626866	0.069672131	0.198529412	0.070422535	0	0	0	0.24137931	0.205479452	0	0.257142857	0.072463768	0	0.074626866	0	0	0.257142857	0.069090909	0	0.084745763	0	0	0.084745763	0	0.084745763	0	0.074626866	0.073929961	0	0.068493151	0	0	0.230769231	0	0	0	0	0.257142857	0	0	0	0	0	0	0	0	0	0.070866142	0.103448276	0	0.172413793	0.197368421	0	0	0	0	0	0	0	0.070967742	0	0.205479452	0.177631579	0	0	0	0.067073171	0	0.078125	0.105263158	0.069958848	0	0	0	0.205479452	0.069767442	0	0	0	0	0.080291971	0.073929961	0	0.065743945	0	0.178947368	0	0	0	0	0.070422535	0.074626866	0	0	0	0.067164179	0	0	0.178947368	0	0	0	0	0	0	0	0	0	0	0	0	0	0	0	0	0	0	0.075630252	0	0	0.142857143	0.103448276	0	0	0	0.072463768	0.069767442	0.072463768	0.103448276	0	0.075630252	0	0.352941176	0	0	0	0.165870307	0	0	0.054054054	0.197368421	0	0	0	0	0	0	0	0.070093458	0	0.205479452	0.103448276	0	0.072580645	0.203007519	0	0	0	0	0	0	0	0	0.21	0	0	0	0	0.073929961	0	0	0	0	0	0	0.074257426	0.126760563	0	0.197368421	0	0.069767442	0	0	0	0	0.078125	0.067567568	0	0.187878788	0	0	0	0	0	0	0	0	0	0	0	0	0	0	0	0.205479452	0	0.088235294	0.078125	0	0	0.142857143	0	0.089285714	0	0.142857143	0	0	0.054054054	0	0.162227603	0	0	0.072580645	0	0	0	0	0	0	0	0.059602649	0	0.205479452	0.152542373	0	0	0	0	0.095890411	0	0	0	0	0	0	0	0	0	0	0	0	0	0	0	0	0	0	0.052469136	0.102564103	0	0	0	0.207317073	0	0	0	0	0.15	0	0	0	0.212464589	0.17232376	0	0.103448276	0	0	0.120926244	0	0	0.2	0	0	0	0.070967742	0.070422535	0	0.103448276	0	0	0	0.075630252	0.177631579	0	0	0	0	0	0	0.072463768	0	0.069767442	0.076923077	0	0.22972973	0.193166886	0	0	0	0	0	0	0	0.352941176	0.103448276	0	0	0.074626866	0.2	0	0	0	0	0	0	0	0	0.069767442	0.177065767	0	0.142857143	0.162939297	0.070967742	0.065693431	0.103448276	0	0	0	0	0	0	0.144549763	0.117672791	0.197368421	0	0	0
0.027027027	0	0.036144578	0	0.087507544	0.078947368	0.088235294	1	0.151515152	0	0.154285714	0.042553191	0.038506418	0.035294118	0.405405405	0.080213904	0.091891892	0.104477612	0.126760563	0.020618557	0.171428571	0.126760563	0.043290043	0	0.034090909	0	0.078947368	0.042857143	0.048780488	0.073170732	0.028571429	0	0.027576197	0	0.026455026	0.102167183	0.113924051	0.369863014	0.03125	0.096121417	0	0	0	0.050505051	0.035294118	0	0.048780488	0.358024691	0	0.113924051	0	0	0.048780488	0.102167183	0	0.126760563	0.048076923	0	0.126760563	0	0.126760563	0	0.113924051	0.108196721	0	0.105882353	0	0	0.044444444	0	0	0	0.022857143	0.048780488	0	0	0	0	0	0	0	0	0	0.099337748	0.171428571	0	0.03030303	0.034090909	0	0	0	0	0	0	0	0.117318436	0	0.035294118	0.028409091	0	0	0	0.446808511	0	0.473684211	0.545454545	0.092783505	0	0.0625	0	0.035294118	0.294117647	0	0	0	0	0.130434783	0.108196721	0	0.097922849	0	0.027027027	0	0	0	0	0.096121417	0.113924051	0	0	0	0.113924051	0.042857143	0	0.027027027	0	0	0	0	0	0	0	0	0	0	0	0	0	0	0	0.032520325	0.05	0	0.104895105	0	0	0.264705882	0.171428571	0	0	0.028301887	0.358024691	0.294117647	0.358024691	0.171428571	0.046948357	0.104895105	0	0.1375	0	0	0	0.087507544	0	0	0.349593496	0.034090909	0	0	0	0	0	0	0	0.369747899	0	0.035294118	0.171428571	0	0.405405405	0.031847134	0	0	0	0	0	0	0	0	0.044642857	0	0	0	0	0.108196721	0	0	0	0	0	0	0.110619469	0.156626506	0	0.034090909	0	0.294117647	0	0	0	0.020408163	0.473684211	0.127906977	0	0.132275132	0	0	0	0	0.026086957	0.059347181	0	0	0	0	0	0	0	0	0	0.035294118	0	0.6	0.473684211	0	0	0.264705882	0.028169014	0.306451613	0.038251366	0.264705882	0.048076923	0	0.349593496	0	0.054229935	0	0	0.405405405	0	0	0.020942408	0	0	0.140625	0	0.085714286	0	0.035294118	0.022818792	0.140625	0.375	0	0	0.176470588	0	0.016042781	0	0	0	0	0	0	0	0	0	0	0.020979021	0.02962963	0	0	0	0	0.505376344	0.066666667	0.073529412	0	0	0.138297872	0	0	0	0	0.068897638	0	0	0	0.102244389	0.088167053	0	0.171428571	0	0	0.059429477	0.028776978	0	0.031446541	0	0	0	0.117318436	0.096121417	0	0.171428571	0	0	0	0.104895105	0.028409091	0	0	0	0	0	0	0.358024691	0	0.294117647	0.116883117	0	0.058139535	0.038506418	0	0	0	0	0	0	0	0.075	0.171428571	0	0	0.113924051	0.051546392	0	0.034090909	0	0	0.057471264	0	0	0	0.294117647	0.027576197	0	0.264705882	0.024930748	0.117318436	0.093167702	0.171428571	0	0	0	0	0	0	0.091489362	0.062550444	0.034090909	0.046948357	0	0
0.031784841	0	0.039215686	0	0.098419174	0.073684211	0.08045977	0.151515152	1	0	0.154929577	0.044247788	0.040634291	0.038461538	0.112903226	0.093333333	0.103139013	0.112970711	0.133333333	0	0.168539326	0.133333333	0.044609665	0	0.037383178	0	0.092105263	0	0.04950495	0.069306931	0.03286385	0	0.032104637	0	0.030837004	0.303258145	0.12244898	0.105978261	0.035353535	0.108724832	0	0	0	0.050847458	0.038461538	0	0.04950495	0.12	0	0.367346939	0	0.074074074	0.04950495	0.303258145	0	0.133333333	0	0.148148148	0.133333333	0.037383178	0.222222222	0	0.12244898	0.118110236	0.206896552	0.346153846	0	0	0.04587156	0	0	0	0	0.04950495	0	0	0	0	0	0	0	0	0	0.301587302	0.168539326	0	0.033898305	0.037383178	0	0	0	0	0	0	0	0.3640553	0	0.038461538	0.03271028	0	0	0	0.119469027	0	0.126315789	0.196261682	0.10626703	0	0	0	0.038461538	0.109947644	0	0	0	0	0.135678392	0.118110236	0	0.108958838	0	0.031784841	0	0	0	0	0.108724832	0.12244898	0	0	0	0.107142857	0	0	0.031784841	0	0	0	0.043668122	0.096069869	0	0	0	0	0	0	0	0	0	0	0	0	0	0.116022099	0	0	0.24137931	0.168539326	0	0	0	0.12	0.109947644	0.12	0.168539326	0.039840637	0.116022099	0	0.070707071	0	0	0	0.098419174	0	0	0.105633803	0.037383178	0	0	0	0	0	0	0	0.278985507	0	0.038461538	0.168539326	0	0.112903226	0.035897436	0	0	0	0	0	0	0	0	0.045801527	0	0	0	0	0.118110236	0	0	0	0.027624309	0	0	0.117424242	0.156862745	0	0.037383178	0	0.109947644	0	0	0	0	0.126315789	0.114285714	0	0.27753304	0	0.033755274	0	0	0	0	0	0	0	0	0	0	0	0	0	0.038461538	0	0.151515152	0.126315789	0	0	0.24137931	0	0.286713287	0	0.24137931	0	0	0.105633803	0	0.054003724	0	0	0.112903226	0	0	0	0	0	0	0	0.098591549	0	0.038461538	0.02787068	0	0	0	0	0.557692308	0	0	0	0	0	0	0	0	0	0	0	0	0	0.062370062	0	0	0	0	0.087053571	0.064220183	0	0	0	0.14159292	0	0	0	0	0.080479452	0	0	0	0.111111111	0.098619329	0	0.168539326	0	0	0.070014144	0.028397566	0	0.035532995	0	0	0	0.3640553	0.108724832	0	0.303370787	0	0	0	0.116022099	0.03271028	0	0	0	0	0	0	0.12	0	0.109947644	0.208333333	0	0.057142857	0.040634291	0	0	0	0	0	0	0	0.070707071	0.168539326	0	0	0.367346939	0.051724138	0.120481928	0	0	0	0	0	0	0	0.109947644	0.032104637	0	0.24137931	0.029748284	0.3640553	0.165829146	0.348314607	0	0	0	0	0	0	0.100732601	0.072969087	0.037383178	0.039840637	0	0
0	0	0	0	0	0	0	0	0	1	0	0	0	0	0	0	0	0	0	0	0	0	0	0	0	0	0	0	0	0.087336245	0	0	0	0	0	0.011816839	0	0	0	0	0	0.101522843	0	0	0	0	0	0	0	0	0	0	0	0.011816839	0	0	0	0	0	0.093877551	0	0	0	0	0	0.028129395	0	0	0	0	0	0	0	0	0	0	0	0	0	0	0	0	0	0	0	0	0	0	0	0	0	0	0	0	0	0.016064257	0	0	0	0.101522843	0	0	0	0	0	0	0	0	0.053651267	0	0	0	0	0	0	0	0	0	0	0	0	0	0	0	0.051798561	0	0	0	0	0	0	0	0	0	0	0	0	0	0	0	0	0	0	0	0	0	0.160935351	0	0	0	0.026007802	0.024067389	0	0	0	0	0	0	0	0	0.068259386	0	0	0	0	0.050962627	0	0	0	0.085348506	0.034334764	0	0	0	0	0	0	0	0	0	0	0	0	0	0	0	0	0	0.169014085	0	0	0.335793358	0	0	0	0	0	0	0	0	0	0	0	0	0	0	0	0.027210884	0	0	0	0	0	0	0	0	0	0	0	0	0.055214724	0	0	0	0	0.091603053	0.15356711	0.071672355	0	0.012618297	0	0.038208169	0.037419355	0.062586926	0	0	0.065005417	0	0	0	0	0	0	0	0	0	0	0	0	0	0	0	0	0	0	0	0	0	0	0	0	0	0	0	0	0	0	0	0	0	0	0	0	0	0	0	0	0	0	0	0	0	0	0	0	0.028129395	0.060100167	0	0.039239001	0	0	0	0	0	0	0	0	0	0	0	0	0	0	0	0	0	0	0.043217287	0	0	0	0	0	0	0.038150289	0.303482587	0	0	0	0	0.016064257	0	0	0	0	0	0	0	0	0	0	0	0	0	0	0	0	0	0.030911901	0	0	0	0	0	0	0.169014085	0	0	0	0.1609538	0	0	0	0	0	0	0	0	0	0	0	0	0	0	0	0	0	0	0.016064257	0.100740741	0	0	0	0	0	0.022753129	0	0	0.014173228	0	0.050962627	0	0
0.03030303	0	0.038674033	0	0.095104108	0.077844311	0.086092715	0.154285714	0.154929577	0	1	0.044334975	0.040348964	0.037837838	0.110429448	0.089108911	0.1	0.259259259	0.133757962	0	0.174193548	0.133757962	0.044715447	0	0.036649215	0	0.087804878	0	0.05027933	0.072625698	0.031578947	0	0.03070761	0	0.029411765	0.110481586	0.121387283	0.102484472	0.034285714	0.228177642	0	0	0	0.051643192	0.037837838	0	0.05027933	0.118644068	0	0.121387283	0	0	0.05027933	0.110481586	0	0.286624204	0	0	0.133757962	0	0.133757962	0	0.121387283	0.259701493	0	0.113513514	0	0	0.046153846	0	0	0	0	0.05027933	0	0	0	0	0	0	0	0	0	0.108433735	0.303225806	0	0.03286385	0.036649215	0	0	0	0	0	0	0	0.12371134	0	0.037837838	0.031413613	0	0	0	0.118226601	0	0.125748503	0.204188482	0.401869159	0	0	0	0.037837838	0.107142857	0	0	0	0	0.318181818	0.259701493	0	0.237057221	0	0.03030303	0	0	0	0	0.228177642	0.121387283	0	0	0	0.104046243	0	0	0.03030303	0	0	0	0	0	0	0	0	0	0	0	0	0	0	0	0	0	0	0.113924051	0	0	0.258278146	0.174193548	0	0	0	0.118644068	0.107142857	0.118644068	0.174193548	0	0.113924051	0	0.074285714	0	0	0	0.095104108	0	0	0.103448276	0.036649215	0	0	0	0	0	0	0	0.110671937	0	0.037837838	0.174193548	0	0.110429448	0.034883721	0	0	0	0	0	0	0	0	0.046025105	0	0	0	0	0.259701493	0	0	0	0	0	0	0.182572614	0.160220994	0	0.036649215	0	0.107142857	0	0	0	0	0.125748503	0.112299465	0	0.235294118	0	0	0	0	0	0	0	0	0	0	0	0	0	0	0	0.037837838	0	0.154285714	0.125748503	0	0	0.258278146	0	0.064638783	0	0.258278146	0	0	0.103448276	0	0.054989817	0	0	0.110429448	0	0	0	0	0	0	0	0.431578947	0	0.037837838	0.026086957	0	0	0	0	0.178378378	0	0	0	0	0	0	0	0	0	0	0	0	0	0	0	0	0	0	0.082089552	0.066666667	0	0	0	0.24137931	0	0	0	0	0.076208178	0	0	0	0.109048724	0.095444685	0	0.174193548	0	0	0.223146747	0	0	0.034482759	0	0	0	0.12371134	0.228177642	0	0.174193548	0	0	0	0.113924051	0.031413613	0	0	0	0	0	0	0.118644068	0	0.107142857	0.124260355	0	0.058823529	0.040348964	0	0	0	0	0	0	0	0.074285714	0.303225806	0	0	0.121387283	0.052631579	0	0	0	0	0	0	0	0	0.107142857	0.03070761	0	0.258278146	0.028132992	0.12371134	0.102272727	0.174193548	0	0	0	0	0	0	0.386	0.198229407	0.036649215	0	0	0
0.208226221	0	0.092783505	0	0.231259968	0.333333333	0.219512195	0.042553191	0.044247788	0	0.044334975	1	0.300309598	0.090909091	0.028409091	0.209302326	0.258215962	0.082969432	0.035294118	0	0.047619048	0.035294118	0.316602317	0	0.088235294	0	0.068807339	0	0.375	0.1875	0.073891626	0.098039216	0.071161049	0	0.207373272	0.029023747	0.032258065	0.025862069	0.079787234	0.026950355	0	0	0	0.292035398	0.272727273	0	0.125	0.031578947	0	0.032258065	0	0.048543689	0.375	0.029023747	0	0.035294118	0.042372881	0.048543689	0.035294118	0	0.035294118	0	0.032258065	0.030470914	0	0.03030303	0	0.056179775	0.346153846	0	0	0	0	0.375	0	0	0	0	0	0	0	0	0	0.027932961	0.047619048	0	0.079646018	0.088235294	0	0	0	0	0	0	0	0.033816425	0	0.272727273	0.073529412	0	0	0	0.032407407	0	0.033333333	0.058823529	0.025936599	0	0	0	0.272727273	0.027624309	0.08988764	0	0	0	0.037037037	0.030470914	0	0.027989822	0.065217391	0.208226221	0	0	0	0	0.026950355	0.032258065	0	0	0	0.02688172	0	0	0.208226221	0	0.097560976	0	0.050228311	0.050228311	0.071428571	0.059405941	0	0.085106383	0.153846154	0	0	0	0	0.097560976	0	0	0	0.029239766	0	0	0.073170732	0.047619048	0	0	0	0.031578947	0.027624309	0.031578947	0.047619048	0	0.029239766	0	0.191489362	0	0	0	0.231259968	0	0	0.02919708	0.088235294	0.071428571	0	0	0.130434783	0	0	0.052631579	0.041353383	0	0.090909091	0.047619048	0	0.028409091	0.243243243	0	0	0	0	0	0	0	0.097560976	0.325396825	0	0	0	0	0.030470914	0	0	0	0	0	0	0.043307087	0.072164948	0	0.088235294	0	0.027624309	0.097560976	0	0	0	0.033333333	0.03	0	0.087557604	0	0	0	0	0	0	0	0	0	0	0	0	0	0	0	0.272727273	0	0.042553191	0.033333333	0	0	0.073170732	0	0.057971014	0	0.073170732	0.050847458	0	0.02919708	0	0.18762089	0	0	0.028409091	0.210526316	0	0	0.056179775	0.070707071	0	0	0.024630542	0.08988764	0.090909091	0.1831972	0	0	0	0	0.050505051	0	0	0	0	0	0	0.057416268	0	0	0	0	0	0	0	0	0	0	0	0.021028037	0.057692308	0	0	0.047732697	0.101851852	0	0	0	0	0.214539007	0	0	0	0.111597374	0.242299795	0	0.047619048	0	0	0.06768559	0	0	0.080213904	0	0	0	0.033816425	0.026950355	0	0.047619048	0	0	0.08	0.029239766	0.073529412	0	0	0	0	0	0	0.031578947	0	0.027624309	0.032967033	0	0.29	0.300309598	0	0	0.052631579	0	0.098039216	0	0	0.191489362	0.047619048	0	0	0.032258065	0.099099099	0	0	0	0	0.079207921	0	0	0	0.027624309	0.071161049	0	0.073170732	0.064748201	0.033816425	0.026455026	0.047619048	0	0	0.065326633	0	0	0	0.070342205	0.064026647	0.088235294	0	0	0
0.064552661	0	0.085130533	0	0.586800574	0.178181818	0.193166886	0.038506418	0.040634291	0	0.040348964	0.300309598	1	0.08361204	0.025957973	0.189637306	0.082549634	0.077375122	0.031847134	0	0.042471042	0.031847134	0.290096407	0.101135191	0.081433225	0	0.064483112	0	0.113402062	0.16838488	0.06870229	0	0.066225166	0	0.064748201	0.026651217	0.029446408	0.02372035	0.073512252	0.024691358	0	0	0	0.121902874	0.08361204	0.096021948	0.113402062	0.028901734	0	0.029446408	0	0	0.113402062	0.026651217	0.059668508	0.031847134	0	0	0.031847134	0	0.031847134	0	0.029446408	0.027811366	0	0.02787068	0	0	0.310565635	0	0.117647059	0	0.119956379	0.113402062	0	0.167209555	0	0	0	0	0	0	0	0.025578563	0.042471042	0.020713464	0.074331021	0.081433225	0.031107045	0.133900106	0.019292605	0	0.009775171	0	0	0.031082529	0	0.244147157	0.068403909	0	0	0.031746032	0.029927761	0.127090301	0.03030303	0.05320304	0.023779725	0	0	0	0.08361204	0.025331725	0.078335373	0.04198895	0	0	0.033681765	0.027811366	0	0.025813692	0	0.064552661	0	0	0	0	0.024691358	0.029446408	0	0	0	0.024734982	0	0	0.064552661	0	0	0	0	0	0	0	0	0	0	0	0	0	0	0	0	0	0.067065868	0.02661597	0.117647059	0.013930348	0.064388962	0.042471042	0	0	0	0.028901734	0.025331725	0.028901734	0.042471042	0	0.02661597	0.108527132	0.171528588	0	0	0	0.586800574	0	0	0.027477102	0.081433225	0	0	0	0.114149822	0	0	0	0.03849444	0	0.375696767	0.042471042	0	0.025957973	0.216568047	0	0.123624047	0.198198198	0	0	0	0	0	0.297394429	0.017664377	0.096021948	0	0.027465668	0.027811366	0	0	0	0	0	0	0.04014273	0.064699205	0	0.081433225	0	0.025331725	0	0	0	0	0.03030303	0.027624309	0.135048232	0.157245632	0	0	0	0	0	0	0.120634921	0.060353798	0.108287293	0.079021637	0	0	0	0	0.017478152	0.08361204	0	0.038506418	0.03030303	0	0	0.064388962	0	0.053763441	0	0.064388962	0.045757865	0	0.027477102	0.080552359	0.078138718	0	0	0.025957973	0	0	0.112130479	0	0	0	0.096021948	0.022900763	0.078335373	0.08361204	0.056133056	0	0	0	0	0.045707915	0	0	0	0	0.109510086	0	0.051009564	0	0	0	0	0	0	0	0	0	0	0	0.019771072	0.052294557	0	0.011376564	0.042417815	0.162022704	0	0	0	0.064390244	0.198702352	0	0	0	0.103042198	0.22150139	0	0.042471042	0	0	0.133198107	0.093244529	0	0.073856975	0	0	0	0.031082529	0.024691358	0	0.042471042	0	0.117647059	0	0.02661597	0.068403909	0	0	0	0.117647059	0	0	0.028901734	0	0.025331725	0.030012005	0.020713464	0.259668508	1	0	0	0	0	0	0	0.167209555	0.171528588	0.042471042	0	0	0.029446408	0.09164149	0	0.058631922	0	0	0.070098576	0	0	0	0.025331725	0.066225166	0.075675676	0.064388962	0.284345048	0.031082529	0.024390244	0.042471042	0	0	0	0.119622246	0	0	0.108038029	0.110576923	0.081433225	0	0	0.016568047
0.042492918	0	0.068181818	0	0.056994819	0.185185185	0.205479452	0.035294118	0.038461538	0	0.037837838	0.090909091	0.08361204	1	0.018987342	0.045685279	0.066666667	0.061611374	0.026315789	0	0.04	0.026315789	0.099585062	0	0.064516129	0	0.045	0	0.103448276	0.172413793	0.156756757	0	0.04526749	0	0.045226131	0.020408163	0.023809524	0.016025641	0.052941176	0.017377567	0.16	0	0	0.230769231	0.066666667	0	0.448275862	0.023255814	0	0.023809524	0	0	0.103448276	0.020408163	0	0.026315789	0	0	0.026315789	0	0.026315789	0	0.023809524	0.021538462	0	0.022222222	0	0	0.221052632	0	0	0	0	0.103448276	0	0	0	0	0	0	0	0	0	0.01863354	0.04	0	0.134615385	0.064516129	0	0	0	0	0	0	0	0.026455026	0	0.066666667	0.048387097	0	0	0	0.025252525	0	0.024691358	0.053763441	0.01607717	0	0	0	0.066666667	0.018404908	0	0	0	0	0.029239766	0.021538462	0	0.019607843	0	0.042492918	0	0	0	0.246575342	0.017377567	0.023809524	0	0	0	0.017857143	0	0	0.042492918	0	0	0	0	0	0	0	0	0	0	0	0	0	0	0	0	0	0	0.019607843	0	0	0.068493151	0.04	0	0	0	0.023255814	0.018404908	0.023255814	0.04	0	0.019607843	0	0.176470588	0	0.203389831	0	0.056994819	0	0	0.0234375	0.064516129	0	0	0	0	0	0	0	0.036290323	0	0.066666667	0.04	0	0.018987342	0.053892216	0	0	0	0	0	0	0	0	0.102564103	0	0	0	0	0.021538462	0	0	0	0	0	0	0.038135593	0.068181818	0	0.064516129	0	0.018404908	0	0	0	0	0.024691358	0.021978022	0	0.065326633	0	0	0	0	0.175	0	0	0	0	0	0	0.154506438	0	0	0	0.066666667	0	0.035294118	0.024691358	0	0	0.068493151	0	0.054263566	0	0.068493151	0	0	0.0234375	0	0.064449064	0	0	0.018987342	0	0	0	0	0	0	0	0.016216216	0	0.466666667	0.034394904	0	0	0	0	0.044444444	0	0	0	0	0	0	0	0	0	0	0	0	0	0	0	0	0	0	0.012755102	0.052631579	0	0	0	0.080808081	0	0	0	0	0.0625	0	0.246575342	0	0.09263658	0.066518847	0	0.04	0	0	0.102150538	0	0	0.171597633	0	0	0	0.026455026	0.017377567	0	0.04	0	0	0	0.019607843	0.048387097	0	0	0	0	0	0	0.023255814	0	0.018404908	0.024390244	0	0.087912088	0.08361204	0	0	0	0	0	0	0	0.176470588	0.04	0	0	0.023809524	0.431372549	0	0	0	0	0	0	0	0	0.018404908	0.04526749	0	0.068493151	0.039370079	0.026455026	0.01754386	0.04	0	0	0	0	0	0	0.051020408	0.086395622	0.064516129	0	0	0
0.009708738	0	0.019480519	0	0.046764894	0.064285714	0.072580645	0.405405405	0.112903226	0	0.110429448	0.028409091	0.025957973	0.018987342	1	0.034285714	0.046242775	0.063492063	0.069230769	0.013736264	0.1171875	0.069230769	0.03196347	0	0.018292683	0	0.033707865	0.03515625	0.032894737	0.059210526	0.012269939	0	0.010920437	0	0.011299435	0.050167224	0.061643836	0.223880597	0.013513514	0.03853211	0	0	0	0.037634409	0.018987342	0	0.032894737	0.226666667	0	0.061643836	0	0	0.032894737	0.050167224	0	0.069230769	0.035714286	0	0.069230769	0	0.069230769	0	0.061643836	0.053380783	0	0.056962025	0	0	0.029761905	0	0	0	0.015337423	0.032894737	0	0	0	0	0	0	0	0	0	0.043165468	0.1171875	0	0.016129032	0.018292683	0	0	0	0	0	0	0	0.071856287	0	0.018987342	0.012195122	0	0	0	0.454545455	0	0.428571429	0.43902439	0.033707865	0	0.057432432	0	0.018987342	0.14893617	0	0	0	0	0.080536913	0.053380783	0	0.047923323	0	0.009708738	0	0	0	0	0.03853211	0.061643836	0	0	0	0.051369863	0.03515625	0	0.009708738	0	0	0	0	0	0	0	0	0	0	0	0	0	0	0	0.026086957	0.045212766	0	0.045801527	0	0	0.217741935	0.1171875	0	0	0.0225	0.226666667	0.14893617	0.226666667	0.1171875	0.042288557	0.045801527	0	0.118243243	0	0	0	0.046764894	0	0	0.264957265	0.018292683	0	0	0	0	0	0	0	0.513274336	0	0.018987342	0.1171875	0	0.529411765	0.013793103	0	0	0	0	0	0	0	0	0.033018868	0	0	0	0	0.053380783	0	0	0	0	0	0	0.074766355	0.11038961	0	0.018292683	0	0.14893617	0	0	0	0.013586957	0.428571429	0.071875	0	0.09039548	0	0	0	0	0.020642202	0.054313099	0	0	0	0	0	0	0	0	0	0.018987342	0	0.405405405	0.428571429	0	0	0.217741935	0.019230769	0.245762712	0.032163743	0.217741935	0.043367347	0	0.264957265	0	0.043478261	0	0	0.294117647	0	0	0.01396648	0	0	0.142241379	0	0.036809816	0	0.018987342	0.007173601	0.142241379	0.344594595	0	0	0.132911392	0	0.008571429	0	0	0	0	0	0	0	0	0	0	0.011450382	0.023622047	0	0	0	0	0.402298851	0.053571429	0.068548387	0	0	0.096590909	0	0	0	0	0.035123967	0	0	0	0.061007958	0.049140049	0	0.1171875	0	0	0.032125206	0.022900763	0	0.013605442	0	0	0	0.071856287	0.03853211	0	0.1171875	0	0	0	0.045801527	0.012195122	0	0	0	0	0	0	0.226666667	0	0.14893617	0.063380282	0	0.04375	0.025957973	0	0	0	0	0	0	0	0.060810811	0.1171875	0	0	0.061643836	0.038461538	0	0.027439024	0	0	0.052469136	0	0	0	0.14893617	0.010920437	0	0.217741935	0.008902077	0.071856287	0.040268456	0.1171875	0	0	0	0	0	0	0.056053812	0.034844668	0.018292683	0.042288557	0	0
0.023255814	0	0.046632124	0	0.193806727	0.150837989	0.165644172	0.080213904	0.093333333	0	0.089108911	0.209302326	0.189637306	0.045685279	0.034285714	1	0.330188679	0.131578947	0.266272189	0	0.209580838	0.053254438	0.213178295	0	0.044334975	0	0.304147465	0	0.078534031	0.141361257	0.02970297	0	0.026348808	0	0.027777778	0.039787798	0.113513514	0.026011561	0.032085561	0.064194009	0	0	0	0.093333333	0.045685279	0	0.078534031	0.047619048	0	0.048648649	0	0	0.078534031	0.039787798	0	0.053254438	0	0	0.266272189	0	0.053254438	0	0.243243243	0.086350975	0	0.045685279	0	0	0.217391304	0	0	0	0	0.078534031	0	0	0	0	0	0	0	0	0	0.033707865	0.089820359	0	0.04	0.044334975	0	0	0	0	0	0	0	0.058252427	0	0.441624365	0.02955665	0	0	0	0.055813953	0	0.05027933	0.133004926	0.026086957	0	0	0	0.045685279	0.033333333	0.056497175	0	0	0	0.127659574	0.086350975	0	0.079283887	0	0.023255814	0	0	0	0	0.064194009	0.243243243	0	0	0	0.032432432	0	0	0.023255814	0	0	0	0	0	0	0	0	0	0	0	0	0	0	0	0	0	0	0.364705882	0	0	0.165644172	0.089820359	0	0	0	0.047619048	0.033333333	0.047619048	0.089820359	0	0.035294118	0	0.144385027	0	0	0	0.193806727	0	0	0.054945055	0.044334975	0	0	0	0.098360656	0	0	0	0.060377358	0	0.045685279	0.209580838	0	0.034285714	0.489130435	0	0	0	0	0	0	0	0	0.219123506	0	0	0	0	0.086350975	0	0	0	0	0	0	0.28458498	0.274611399	0	0.044334975	0	0.033333333	0	0	0	0	0.05027933	0.045226131	0	0.092592593	0	0	0	0	0	0	0	0	0	0	0	0	0	0	0	0.045685279	0	0.080213904	0.05027933	0	0	0.165644172	0	0.047272727	0	0.165644172	0.025531915	0	0.054945055	0	0.048543689	0	0	0.034285714	0	0	0	0	0	0	0	0.306930693	0.056497175	0.045685279	0.017584994	0	0	0	0	0.106598985	0	0	0	0	0	0	0.028846154	0	0	0	0	0	0	0	0	0	0	0	0.021126761	0.043478261	0	0	0.019184652	0.106976744	0	0	0	0	0.332740214	0	0	0	0.296703297	0.156701031	0	0.209580838	0	0	0.05620438	0	0	0.032258065	0	0	0	0.058252427	0.064194009	0	0.089820359	0	0	0	0.176470588	0.02955665	0	0	0	0	0	0	0.047619048	0	0.033333333	0.049723757	0	0.155778894	0.189637306	0	0	0	0	0	0	0	0.144385027	0.089820359	0	0	0.048648649	0.058823529	0	0	0	0	0.049751244	0	0	0	0.033333333	0.026348808	0	0.165644172	0.021686747	0.058252427	0.031914894	0.089820359	0	0	0	0	0	0	0.066793893	0.047884187	0.044334975	0	0	0
0.122715405	0	0.068062827	0	0.135164243	0.288135593	0.192546584	0.091891892	0.103139013	0	0.1	0.258215962	0.082549634	0.066666667	0.046242775	0.330188679	1	0.150442478	0.281437126	0	0.224242424	0.065868263	0.09765625	0	0.064676617	0	0.325581395	0	0.291005291	0.164021164	0.05	0.07960199	0.046894804	0	0.130841121	0.050938338	0.12568306	0.038011696	0.054054054	0.076479076	0	0	0	0.219730942	0.18974359	0	0.100529101	0.058823529	0	0.06010929	0	0.088669951	0.417989418	0.050938338	0	0.065868263	0.025751073	0.088669951	0.281437126	0	0.065868263	0	0.256830601	0.098591549	0	0.056410256	0	0.034285714	0.092682927	0	0	0	0	0.291005291	0	0	0	0	0	0	0	0	0	0.045454545	0.103030303	0	0.058295964	0.064676617	0	0	0	0	0	0	0	0.068627451	0	0.066666667	0.049751244	0	0	0	0.0657277	0	0.062146893	0.144278607	0.038123167	0	0	0	0.18974359	0.04494382	0	0	0	0	0.139784946	0.098591549	0	0.090439276	0.044198895	0.122715405	0	0	0	0	0.076479076	0.256830601	0	0	0	0.043715847	0	0	0.122715405	0	0.223602484	0	0.097222222	0.097222222	0.145454545	0.120603015	0	0.194594595	0.130718954	0	0	0	0	0.223602484	0	0	0	0.380952381	0	0	0.180124224	0.103030303	0	0	0	0.058823529	0.04494382	0.058823529	0.103030303	0	0.047619048	0	0.167567568	0	0	0	0.135164243	0	0	0.062730627	0.064676617	0.145454545	0	0	0	0	0	0.033980583	0.068441065	0	0.066666667	0.224242424	0	0.046242775	0.054945055	0	0	0	0	0	0	0	0.223602484	0.100401606	0	0	0	0	0.098591549	0	0	0	0	0	0	0.294820717	0.287958115	0	0.064676617	0	0.04494382	0.074534161	0	0	0	0.062146893	0.055837563	0	0.112149533	0	0	0	0	0	0	0	0	0	0	0	0	0	0	0	0.18974359	0	0.091891892	0.062146893	0	0	0.180124224	0	0.054945055	0	0.180124224	0	0	0.062730627	0	0.123287671	0	0	0.046242775	0.053333333	0	0	0.034285714	0.051282051	0	0	0.32	0	0.066666667	0.105325444	0	0	0	0	0.117948718	0	0	0	0	0	0	0	0	0	0	0	0	0	0	0	0	0	0	0.030805687	0.053658537	0	0	0	0.126760563	0	0	0	0	0.277777778	0	0	0	0.317073171	0.091476091	0	0.224242424	0	0	0.068281938	0	0	0.054347826	0	0	0	0.068627451	0.076479076	0	0.103030303	0	0	0.182741117	0.19047619	0.049751244	0	0	0	0	0	0	0.058823529	0	0.04494382	0.061452514	0	0.086294416	0.082549634	0	0	0.029761905	0	0.07960199	0	0	0.167567568	0.103030303	0	0	0.06010929	0.077625571	0	0	0	0	0	0	0	0	0.04494382	0.046894804	0	0.180124224	0.04136253	0.068627451	0.043010753	0.103030303	0	0	0.12755102	0	0	0	0.082692308	0.060119492	0.064676617	0	0	0
0.040963855	0	0.062801932	0	0.158690176	0.160621762	0.175141243	0.104477612	0.112970711	0	0.259259259	0.082969432	0.077375122	0.061611374	0.063492063	0.131578947	0.150442478	1	0.169398907	0	0.248618785	0.081967213	0.091911765	0	0.059907834	0	0.12987013	0	0.092682927	0.151219512	0.046296296	0	0.043376319	0	0.043478261	0.066666667	0.155778894	0.056149733	0.049751244	0.323645971	0	0	0	0.10460251	0.061611374	0	0.092682927	0.073891626	0	0.075376884	0.06779661	0	0.092682927	0.066666667	0	0.081967213	0	0	0.169398907	0	0.081967213	0	0.155778894	0.379844961	0	0.071090047	0	0	0.085972851	0	0	0	0	0.092682927	0	0	0	0	0	0	0	0	0.203389831	0.0625	0.226519337	0	0.054393305	0.059907834	0	0	0	0	0	0	0	0.081818182	0	0.061611374	0.046082949	0	0	0	0.07860262	0	0.077720207	0.152073733	0.184986595	0	0	0	0.061611374	0.06185567	0	0	0.173913043	0	0.485148515	0.379844961	0	0.350835322	0	0.040963855	0	0	0	0	0.323645971	0.155778894	0	0	0	0.060301508	0	0	0.040963855	0	0	0	0	0	0	0	0	0	0	0	0	0	0	0	0	0	0	0.130434783	0	0	0.186440678	0.116022099	0	0	0	0.073891626	0.06185567	0.073891626	0.116022099	0	0.065217391	0	0.154228856	0	0	0	0.158690176	0	0	0.073170732	0.059907834	0	0	0	0	0	0	0	0.078853047	0	0.061611374	0.248618785	0	0.063492063	0.050505051	0	0.028368794	0	0	0	0	0	0	0.094339623	0	0	0	0	0.379844961	0	0	0	0	0	0	0.187265918	0.188405797	0	0.059907834	0	0.06185567	0	0	0	0	0.077720207	0.070422535	0	0.208695652	0	0	0	0	0.029520295	0	0	0	0	0	0	0.018939394	0	0	0	0.061611374	0	0.104477612	0.077720207	0	0	0.186440678	0	0.051903114	0	0.186440678	0.032128514	0	0.073170732	0	0.060773481	0	0	0.063492063	0	0	0	0	0	0	0	0.259259259	0	0.061611374	0.03410341	0	0	0	0	0.127962085	0	0	0.06779661	0.103626943	0	0	0	0	0	0	0	0	0	0	0	0	0	0	0.046255507	0.049773756	0	0	0.161797753	0.222707424	0	0	0	0	0.127118644	0	0	0	0.180124224	0.101364522	0	0.248618785	0	0	0.154978962	0	0	0.05	0	0	0	0.081818182	0.323645971	0	0.116022099	0	0	0	0.130434783	0.046082949	0	0	0	0	0	0	0.073891626	0	0.06185567	0.076923077	0	0.079812207	0.077375122	0	0	0	0	0	0	0	0.154228856	0.226519337	0	0	0.075376884	0.072340426	0	0	0	0	0	0.06779661	0	0	0.06185567	0.043376319	0	0.186440678	0.038374718	0.081818182	0.059405941	0.116022099	0	0	0	0	0	0	0.237318841	0.13150392	0.059907834	0	0	0
0.016835017	0	0.027027027	0	0.14871117	0.074626866	0.084745763	0.126760563	0.133333333	0	0.133757962	0.035294118	0.031847134	0.026315789	0.069230769	0.266272189	0.281437126	0.169398907	1	0	0.344262295	0.096774194	0.037558685	0	0.025316456	0	0.261627907	0	0.04109589	0.068493151	0.01910828	0	0.017828201	0	0.01754386	0.073170732	0.2	0.05859375	0.021126761	0.140115163	0	0	0	0.044444444	0.026315789	0	0.04109589	0.083333333	0	0.085714286	0	0	0.04109589	0.073170732	0	0.096774194	0	0	0.483870968	0	0.096774194	0	0.428571429	0.167286245	0	0.078947368	0	0	0.037037037	0	0	0	0	0.04109589	0	0	0	0	0	0	0	0	0	0.067669173	0.147540984	0	0.022222222	0.025316456	0	0	0	0	0	0	0	0.093167702	0	0.026315789	0.018987342	0	0	0	0.088235294	0	0.089552239	0.189873418	0.058823529	0	0	0	0.026315789	0.066666667	0	0	0	0	0.216783217	0.167286245	0	0.149501661	0	0.016835017	0	0	0	0	0.140115163	0.428571429	0	0	0	0.064285714	0	0	0.016835017	0	0	0	0	0	0	0	0	0	0	0	0	0	0	0	0	0	0	0.36	0	0	0.254237288	0.147540984	0	0	0	0.083333333	0.066666667	0.083333333	0.147540984	0	0.072	0	0.070422535	0	0	0	0.14871117	0	0	0.078947368	0.025316456	0	0	0	0	0	0	0	0.086363636	0	0.026315789	0.344262295	0	0.069230769	0.021582734	0	0	0	0	0	0	0	0	0.038834951	0	0	0	0	0.167286245	0	0	0	0	0	0	0.264423077	0.459459459	0	0.025316456	0	0.066666667	0	0	0	0	0.089552239	0.077922078	0	0.111111111	0	0	0	0	0	0	0	0	0	0	0	0	0	0	0	0.026315789	0	0.126760563	0.089552239	0	0	0.254237288	0	0.060869565	0	0.254237288	0	0	0.078947368	0	0.049411765	0	0	0.069230769	0	0	0	0	0	0	0	0.286624204	0	0.026315789	0.013372957	0	0	0	0	0.157894737	0	0	0	0	0	0	0	0	0	0	0	0	0	0	0	0	0	0	0.044642857	0.061728395	0	0	0	0.117647059	0	0	0	0	0.201271186	0	0	0	0.265753425	0.065822785	0	0.344262295	0	0	0.042857143	0	0	0.021276596	0	0	0	0.093167702	0.140115163	0	0.147540984	0	0	0	0.36	0.018987342	0	0	0	0	0	0	0.083333333	0	0.066666667	0.088235294	0	0.051948052	0.031847134	0	0	0	0	0	0	0	0.070422535	0.147540984	0	0	0.085714286	0.045454545	0	0	0	0	0	0	0	0	0.066666667	0.017828201	0	0.254237288	0.015384615	0.093167702	0.062937063	0.147540984	0	0	0	0	0	0	0.071428571	0.045844045	0.025316456	0	0	0
